-1.000017 -0.000004 
0.000000 1.000000 
0.000000 -1.000000 
-0.771845 -1.115143 
0.543692 0.000007 
-0.771846 1.115143 
-1.839288 -0.000005 
0.419659 0.606286 
0.419659 -0.606286 
-1.000802 -0.003996 
-1.001058 -0.003576 
-1.002584 -0.006316 
-0.543689 -0.000000 
0.771845 1.115143 
0.771845 -1.115143 
0.000001 -1.000001 
0.000000 1.000000 
1.000000 -0.000000 
-1.000001 -0.000007 
0.995137 -0.000510 
0.993176 0.001591 
-0.419643 -0.606291 
-0.419643 0.606291 
1.839300 0.000000 
-0.419643 -0.606291 
-0.419643 0.606291 
1.839300 0.000000 
-1.000001 -0.000007 
0.995137 -0.000510 
0.993176 0.001591 
0.000001 -1.000001 
0.000000 1.000000 
1.000000 -0.000000 
-0.543689 -0.000000 
0.771845 1.115143 
0.771845 -1.115143 
-1.000802 -0.003996 
-1.001058 -0.003576 
-1.002584 -0.006316 
-1.839288 -0.000005 
0.419659 0.606286 
0.419659 -0.606286 
-0.771845 -1.115143 
0.543692 0.000007 
-0.771846 1.115143 
-1.000017 -0.000004 
0.000000 1.000000 
0.000000 -1.000000 
